Прогрессия,Пол,Диагноз,Число очагов,Объем очагов,Индекс Карновского,Число фракций,Лекарственное лечение,ОВГМ,Операция
1,1,3,2,7.92,90,1,1,1,0
1,1,3,9,0.52,90,1,3,0,0
1,0,4,3,5.04,90,1,2,0,0
1,1,4,2,2.25,90,4,1,0,1
1,0,4,15,9.65,60,1,1,0,0
0,1,3,3,1.13,80,1,3,0,0
0,0,2,3,4.68,70,1,1,0,0
0,1,3,8,7.61,90,1,2,0,0
1,1,3,1,2.76,80,3,2,0,0
1,1,3,10,3.19,80,1,2,0,0
0,1,2,7,10.08,80,1,2,0,0
1,1,3,3,7.31,70,1,3,0,0
1,1,3,2,21.42,80,1,3,0,0
0,0,1,2,3.69,70,1,1,0,1
1,1,3,2,14.41,80,1,3,0,1
1,1,1,7,0.32,70,2,3,0,0
1,1,4,4,4.04,90,1,2,0,0
0,0,0,8,0.62,80,1,2,0,0
0,1,3,2,10.2,70,1,3,0,0
1,0,4,6,2.12,80,1,2,0,0
0,0,1,1,11.7,70,1,3,0,0
0,1,3,5,15.37,70,1,3,0,0
1,0,1,4,14.24,90,1,3,0,0
0,1,3,5,9.97,80,1,3,0,0
1,1,1,3,19.02,70,1,1,0,1
1,0,1,2,5.22,70,1,1,0,1
1,0,4,2,4.08,100,1,1,0,0
1,1,3,5,0.52,90,4,3,1,0
1,1,4,3,3.99,90,2,3,0,0
0,0,1,8,19.31,80,1,3,0,0
1,0,1,1,3.0,90,2,3,0,1
1,1,1,6,0.53,80,1,1,0,0
1,1,3,2,12.22,80,3,3,0,0
1,1,3,5,3.84,80,2,2,1,0
0,0,0,1,2.79,70,1,3,0,0
1,1,3,4,11.2,80,2,3,0,0
1,0,1,10,2.97,90,1,3,0,0
0,0,1,4,15.98,70,1,2,0,1
0,0,0,7,10.26,70,1,3,0,0
0,1,3,6,1.77,80,1,3,0,0
0,1,3,1,4.75,90,1,1,0,1
1,0,4,2,4.52,80,2,3,1,0
1,1,3,8,18.23,80,1,3,0,0
1,1,1,9,7.31,70,1,3,0,0
1,1,3,2,3.27,80,2,1,0,0
0,1,3,2,0.63,90,1,3,0,0
1,1,3,11,8.83,80,2,3,0,0
1,1,3,5,11.84,90,1,3,1,0
1,0,4,6,8.87,60,3,1,0,0
1,1,3,1,2.24,90,1,3,0,0
1,0,1,7,1.39,90,1,2,0,0
1,1,3,2,12.23,90,2,3,0,0
0,1,3,3,11.44,70,1,2,0,0
0,1,0,14,8.1,70,1,3,0,0
0,1,2,6,7.96,80,1,3,0,0
0,1,3,1,2.6,80,1,1,0,0
1,1,3,8,14.6,90,5,1,0,0
0,0,4,1,11.5,70,1,1,0,0
1,0,4,1,3.8,70,1,2,0,0
0,1,4,1,2.9,80,1,1,0,0
0,1,3,5,11.89,80,1,2,0,0
1,0,4,2,0.73,80,1,3,0,0
1,0,4,2,12.16,80,2,0,0,0
1,0,4,2,6.02,80,2,2,0,0
1,0,4,3,0.51,90,3,2,0,0
1,0,0,1,2.6,80,1,3,0,0
1,1,3,2,9.9,70,1,3,0,0
1,1,3,5,4.43,80,1,2,1,0
1,1,1,6,0.63,80,1,3,0,0
1,0,4,4,5.78,90,2,1,0,0
1,1,3,2,1.84,90,1,2,0,0
1,1,3,3,4.02,100,1,3,0,0
1,0,1,8,12.76,70,1,1,1,0
1,0,4,6,6.26,80,2,3,0,1
1,0,4,2,1.27,80,3,1,0,1
0,0,4,2,2.37,70,1,0,0,0
1,1,3,1,4.4,90,3,3,0,0
1,1,1,7,2.74,80,1,3,0,0
1,1,1,16,0.83,70,1,3,0,0
1,1,2,3,0.96,80,2,2,1,1
1,1,1,12,4.87,80,1,3,0,0
1,1,3,4,3.9,80,2,2,0,0
0,1,1,5,5.99,80,1,2,0,0
1,1,1,2,2.18,90,1,2,0,0
0,1,3,1,18.45,70,1,3,0,0
1,1,3,2,8.64,80,1,1,0,0
0,1,4,1,1.2,70,1,1,0,0
0,0,0,1,12.0,70,1,3,0,0
1,1,3,5,44.24,80,2,3,0,0
0,1,0,1,11.3,70,1,3,0,0
0,1,4,1,1.5,70,1,3,0,0
1,1,3,9,2.53,70,1,2,0,0
1,0,2,1,5.4,60,2,0,0,0
1,1,3,1,0.85,80,1,3,0,0
0,0,2,4,17.3,80,1,0,0,0
1,1,3,2,14.4,80,3,3,0,0
0,1,4,4,2.46,70,1,2,0,0
1,1,0,6,3.93,70,2,3,0,0
1,0,4,1,2.9,90,1,3,0,0
1,1,2,4,8.65,80,2,1,0,0
0,0,1,1,3.3,70,1,1,0,0
1,1,2,4,3.1,60,1,1,0,0
1,0,4,5,7.61,80,2,1,0,0
0,1,1,7,9.75,90,1,3,0,0
0,1,2,2,44.52,50,1,1,0,0
1,1,3,4,14.24,80,2,3,1,1
1,1,1,16,1.92,90,1,1,0,0
1,0,1,3,12.35,90,1,3,0,0
1,1,1,3,0.77,80,3,2,0,0
1,1,3,1,11.2,80,2,3,0,0
0,1,3,4,1.77,70,1,3,0,0
1,0,0,1,2.55,80,1,3,0,0
0,1,4,1,0.81,80,1,1,0,0
1,1,3,8,1.2,90,1,3,1,0
1,1,1,4,6.59,90,1,3,0,0
1,0,1,13,1.18,70,1,3,0,0
0,1,4,2,6.14,70,1,3,0,0
1,1,4,3,10.98,90,3,2,0,0
1,1,4,2,1.63,80,4,2,1,0
1,1,1,6,6.79,60,2,3,0,0
1,1,3,1,4.3,70,1,3,0,0
1,1,2,3,2.04,90,1,1,1,1
1,1,3,4,0.51,70,1,2,0,0
1,1,3,10,2.67,80,1,2,0,0
0,1,3,3,3.08,70,1,2,0,0
1,1,3,7,21.21,90,3,2,0,1
1,1,3,10,16.81,70,1,3,1,1
1,0,0,5,10.2,80,2,3,0,0
1,0,1,20,5.54,70,2,3,0,0
1,1,3,1,2.57,90,1,2,1,0
1,1,3,3,2.6,80,3,2,1,0
1,0,4,4,4.53,70,1,2,0,0
0,0,1,1,17.91,70,1,3,0,0
0,0,1,6,37.64,80,1,1,0,0
1,0,0,2,9.19,80,2,1,0,0
1,1,0,2,3.48,60,2,1,0,0
1,1,1,5,7.11,90,1,3,0,0
0,1,2,15,15.3,60,1,2,0,0
0,1,3,5,11.21,80,1,3,0,0
0,1,1,4,2.23,80,1,3,0,0
0,0,1,12,3.23,90,1,3,0,0
0,1,0,11,7.99,80,1,3,0,0
0,0,1,1,10.0,70,1,1,0,0
1,0,1,1,2.1,80,1,1,0,1
1,1,3,3,1.71,80,3,3,0,0
1,0,1,2,8.3,70,1,3,0,0
0,0,2,2,1.89,80,1,3,0,0
0,1,3,9,13.2,90,1,3,0,0
1,0,0,3,14.21,80,2,3,0,0
0,0,2,1,12.6,70,1,0,0,0
1,1,1,12,2.08,70,1,3,0,1
1,0,1,8,0.8,70,2,1,0,0
1,1,3,2,5.7,90,2,3,0,0
1,1,3,4,3.47,90,2,2,0,0
1,1,2,1,17.0,90,1,0,0,0
1,1,4,1,7.4,80,1,1,0,0
1,1,1,1,4.6,50,1,3,0,1
1,0,0,1,8.25,80,2,0,0,0
1,0,2,2,1.33,90,2,0,0,0
1,1,3,1,19.4,80,1,2,0,0
1,1,3,17,0.63,90,3,2,1,1
1,1,2,4,24.89,80,1,3,0,0
1,0,4,7,8.84,90,2,1,0,0
1,0,2,6,0.21,70,1,2,0,0
1,0,1,2,8.37,80,2,3,0,1
1,1,3,1,5.18,80,1,2,0,0
0,1,3,1,2.05,80,1,3,0,0
1,1,0,5,2.56,70,1,3,0,0
1,1,2,1,2.8,90,2,1,0,0
1,0,1,2,7.99,70,1,0,0,0
1,1,3,5,0.91,70,2,3,1,1
0,0,1,12,9.58,70,1,1,0,0
1,1,3,1,14.65,90,1,3,0,0
1,1,0,1,10.7,70,2,0,0,0
0,1,2,2,2.12,70,1,0,0,0
1,0,2,3,1.39,90,1,3,0,0
0,1,3,9,22.26,70,2,3,0,0
1,1,3,5,9.23,80,2,3,0,0
1,0,1,10,20.7,60,1,3,0,0
1,0,1,7,21.06,80,1,0,0,0
0,0,4,1,8.7,70,1,1,0,0
0,1,3,1,6.0,90,1,3,0,0
1,1,3,2,13.89,90,3,1,0,0
1,0,1,1,2.83,80,2,3,0,0
1,0,2,2,3.03,100,4,2,0,0
1,0,2,13,10.7,80,1,1,0,0
1,0,0,4,20.02,80,1,3,0,0
1,1,1,11,4.49,70,1,3,0,1
1,1,1,1,8.06,90,2,3,1,0
0,1,3,7,11.38,80,1,3,0,0
0,0,4,2,4.05,70,1,1,0,0
1,0,1,20,10.54,80,1,3,0,0
1,1,3,1,4.87,90,2,3,0,1
1,1,3,4,6.39,80,3,3,0,0
1,1,3,4,8.36,90,1,3,0,0
1,1,2,12,5.53,60,1,2,1,0
1,1,1,5,1.9,90,2,3,0,0
1,0,2,1,3.06,60,1,3,0,1
1,0,1,1,0.43,70,2,3,0,0
1,1,1,4,1.02,90,1,1,0,0
1,1,1,22,6.41,70,1,3,0,0
1,1,4,3,8.8,70,2,2,0,0
0,1,1,2,1.61,70,1,1,0,0
0,0,0,1,2.46,80,1,3,0,0
1,0,2,2,2.03,90,1,3,0,1
1,1,3,1,1.63,80,2,3,0,0
1,0,1,11,0.48,90,1,2,0,0
0,0,4,2,1.24,90,1,2,0,0
0,1,3,2,2.56,80,1,1,0,0
1,1,2,2,0.98,90,2,2,0,0
1,0,1,2,3.39,100,4,1,0,0
1,1,3,3,13.38,90,2,3,1,0
1,1,1,19,2.03,80,3,2,1,0
0,0,2,5,4.43,90,1,3,0,0
1,0,1,36,1.18,80,3,3,0,0
1,1,3,7,4.1,90,2,3,1,0
1,1,2,4,4.45,90,2,1,0,0
0,1,3,3,3.71,80,1,3,0,0
1,1,3,1,2.56,80,3,2,0,0
0,1,1,1,8.67,70,1,3,0,0
1,1,3,9,13.08,80,2,2,0,0
0,0,1,9,6.15,70,1,0,0,0
1,0,1,15,7.76,70,1,1,0,0
1,1,3,4,5.13,80,1,3,0,0
1,1,3,8,1.2,90,1,2,0,0
1,1,1,9,32.93,80,1,3,0,0
0,1,3,2,5.21,90,1,3,0,0
0,1,3,5,42.9,80,1,3,0,0
0,1,1,1,2.54,90,1,3,0,0
0,1,3,1,2.05,80,1,3,0,0
0,1,3,15,1.58,80,1,1,1,0
1,1,3,1,15.16,80,2,3,0,0
1,1,3,1,3.9,80,2,2,0,0
1,0,1,10,4.56,90,2,2,0,0
1,1,3,3,6.45,80,4,2,0,0
0,1,1,1,0.22,90,1,3,0,0
0,1,2,1,1.2,90,1,1,0,0
1,0,2,4,4.74,90,2,3,0,0
1,0,1,6,1.49,80,2,3,0,0
1,0,1,2,24.49,70,1,1,1,1
0,1,3,1,0.37,90,1,2,0,0
1,1,3,7,2.84,80,2,2,0,0
1,1,3,3,17.69,70,2,2,0,0
1,1,1,2,9.18,70,1,1,0,0
0,1,3,1,4.2,80,1,3,0,0
1,0,1,18,8.7,90,1,2,0,0
1,0,4,1,1.23,70,2,1,0,0
1,0,2,4,0.85,80,2,2,1,0
0,1,2,1,2.3,70,1,3,0,0
1,1,3,8,9.88,70,4,2,0,0
1,1,3,3,0.52,90,1,3,0,0
1,1,2,6,11.97,80,2,3,0,0
1,0,2,1,7.53,80,1,3,0,0
1,1,3,3,2.75,80,1,3,1,0
1,0,2,2,12.35,80,2,3,0,0
0,1,0,2,9.1,80,1,3,0,0
1,0,4,8,4.38,80,6,2,0,0
1,0,4,11,6.79,90,1,2,0,1
0,0,1,1,1.57,90,1,2,0,0
0,0,4,1,4.24,80,1,3,0,0
0,1,3,3,4.66,90,1,3,0,0
0,1,3,2,3.1,80,1,2,0,0
0,1,1,7,1.01,90,1,3,0,0
1,0,1,1,12.63,80,2,2,0,0
1,1,2,3,2.37,100,1,2,0,1
0,1,2,1,11.74,80,1,3,0,0
1,0,2,1,3.36,90,3,2,0,0
0,0,0,2,6.36,70,1,1,0,0
1,0,1,13,14.02,70,1,1,0,0
0,1,2,8,9.48,80,1,2,1,0
1,1,3,5,8.04,80,1,3,0,0
0,0,1,10,6.29,70,1,3,0,0
0,1,1,3,1.63,70,1,2,0,0
1,1,3,21,15.71,60,2,3,0,0
1,0,4,16,6.66,80,1,2,0,0
1,1,3,1,1.19,90,1,3,0,0
1,1,4,1,7.72,70,1,1,0,0
1,0,4,9,1.3,70,1,2,0,0
0,1,3,4,3.8,90,1,3,0,0
1,1,3,4,0.3,80,1,1,0,0
1,0,2,2,8.7,70,1,1,1,0
0,0,0,2,6.56,80,1,1,0,1
1,0,1,20,4.61,90,1,3,0,0
1,1,3,16,0.3,90,1,3,0,0
1,1,0,1,4.05,80,2,3,0,0
0,1,3,2,3.14,90,1,2,0,0
0,0,4,5,10.09,90,1,1,0,0
1,1,2,13,8.15,80,1,1,0,0
1,1,2,4,0.47,80,3,2,0,0
0,1,3,6,16.82,80,1,3,0,0
0,1,3,2,0.83,70,1,3,1,0
1,1,3,3,4.13,80,1,3,0,0
1,1,2,7,13.17,80,1,1,0,0
1,1,0,9,15.71,60,2,1,0,0
0,1,2,5,1.74,80,1,2,0,0
1,1,3,2,0.91,90,2,2,1,0
1,1,3,9,14.8,80,1,3,1,0
0,1,1,1,3.02,80,1,3,0,1
1,0,4,1,3.48,80,2,1,0,0
0,0,2,2,8.53,90,1,1,0,0
1,1,1,2,6.96,80,2,2,0,0
0,0,2,1,20.17,80,1,3,0,0
1,1,2,2,2.61,90,1,3,0,0
1,0,2,1,3.34,90,1,1,0,1
0,1,3,1,2.36,80,1,2,0,0
0,0,2,2,17.22,90,1,3,0,0
1,0,4,6,3.79,80,1,2,0,0
1,0,2,1,0.47,90,2,3,0,0
1,0,0,3,8.81,80,1,3,0,0
1,0,2,16,13.43,80,2,0,0,0
1,1,0,4,28.81,80,2,3,0,0
0,1,3,15,3.12,90,1,1,0,0
0,0,1,4,5.48,70,1,1,0,1
0,1,3,5,11.28,80,1,2,0,0
1,1,3,1,0.67,90,2,3,0,0
1,0,1,4,1.66,90,2,2,0,0
0,1,2,11,10.67,80,1,3,0,0
1,0,4,4,5.23,90,1,2,0,0
1,1,1,2,0.24,80,1,1,0,1
1,1,3,6,2.94,80,2,0,0,0
1,1,1,16,0.74,90,1,2,0,0
0,0,2,6,6.93,80,1,2,0,0
1,1,3,3,6.5,90,1,3,0,0
0,1,3,5,1.88,70,1,3,0,0
1,0,4,2,13.06,90,1,1,0,0
1,1,2,4,0.61,90,2,2,1,1
1,1,4,1,1.06,90,1,2,0,0
1,0,1,3,7.07,90,1,3,0,1
0,1,3,8,24.47,80,1,1,0,1
1,1,3,1,4.14,80,1,3,0,1
1,0,1,5,8.61,80,2,2,0,1
0,0,1,1,4.851,70,1,1,0,0
0,1,0,3,2.48,80,1,2,0,0
1,0,2,4,1.0,70,1,2,0,0
1,0,4,5,8.75,70,1,1,0,0
1,0,2,2,13.96,80,1,3,0,0
1,0,4,8,1.23,90,1,2,0,0
1,1,4,3,4.06,80,2,2,0,0
1,1,3,7,1.89,60,2,2,1,0
0,0,4,2,17.7,70,1,3,0,0
0,1,3,10,14.04,80,1,2,0,0
0,1,3,3,1.03,100,1,1,0,0
1,1,3,3,6.02,90,1,3,0,0
0,0,2,4,9.35,70,1,0,0,0
1,0,1,3,9.71,70,1,3,0,0
1,0,2,1,0.32,80,2,3,0,0
1,1,1,1,9.5,90,1,1,0,1
1,0,4,2,19.4,60,1,2,0,0
1,1,2,3,2.41,70,1,3,0,0
0,1,3,2,1.85,90,1,3,0,0
0,0,2,2,0.77,80,1,1,0,0
0,0,2,4,2.87,90,1,1,0,0
1,1,2,10,15.7,80,1,1,0,0
1,1,3,1,0.26,80,3,2,0,0
0,1,1,1,1.94,80,1,3,0,0
0,0,2,4,6.79,80,1,3,0,0
1,1,2,1,4.27,80,1,0,1,1
1,1,2,10,1.42,80,3,1,0,0
1,1,2,12,1.17,80,1,2,0,0
1,0,1,15,4.58,70,2,3,0,1
1,1,2,1,4.39,90,1,2,0,0
1,1,2,4,0.64,80,1,3,0,0
1,1,3,3,4.24,90,2,2,0,0
1,1,2,3,1.55,80,2,3,0,0
1,1,2,7,7.12,90,1,3,1,0
1,0,1,8,1.95,90,3,2,0,1
0,0,2,2,11.92,90,1,0,0,0
0,1,1,1,0.94,80,1,1,0,0
1,0,2,25,15.41,90,3,2,0,0
0,0,2,3,5.1,70,1,2,0,0
1,0,1,5,6.87,70,3,2,0,0
1,1,1,4,0.22,90,1,2,0,0
0,0,2,28,4.38,80,1,3,0,0
0,0,2,10,4.6,90,1,3,0,0
1,1,2,12,7.74,100,2,1,0,0
1,0,2,7,7.71,80,4,1,0,0
1,0,2,22,15.51,80,1,1,0,0
0,0,2,1,3.07,80,1,3,0,0
1,0,4,11,3.18,90,2,2,0,0
1,0,4,15,1.79,70,2,1,0,0
0,0,2,3,2.68,80,1,3,0,0
1,1,3,2,1.08,90,2,2,0,0
1,1,2,7,2.19,80,1,2,0,0
1,0,1,1,1.35,90,1,3,0,1
1,1,2,2,9.8,90,1,3,0,1
0,0,2,6,9.5,70,1,1,0,0
0,0,2,3,18.51,70,1,2,0,0
1,1,1,3,0.4,90,3,1,0,1
0,0,2,2,3.62,80,1,1,0,0
1,0,2,5,13.95,80,1,1,0,0
1,0,1,7,5.8,60,2,1,0,0
1,0,2,6,13.07,80,1,3,0,0
0,0,4,1,3.62,80,1,1,0,0
1,1,2,3,0.26,70,1,3,0,0
1,0,2,4,6.26,80,3,2,0,1
1,1,2,11,12.73,70,1,1,0,0
1,1,2,6,11.98,80,1,3,0,0
1,0,2,20,27.58,90,2,2,0,0
0,0,2,5,2.3,90,1,1,0,0
1,1,3,2,15.78,80,1,2,0,1
0,1,2,1,1.03,90,1,1,0,0
0,1,0,6,5.91,90,1,1,0,0
1,0,4,3,1.6,80,1,2,0,0
0,1,2,1,13.09,90,1,2,0,1
0,1,3,7,12.75,70,1,3,0,1
1,0,3,6,10.46,70,2,3,0,1
1,1,3,17,14.69,80,1,3,1,1
0,0,4,3,6.7,90,1,1,0,0
1,1,3,10,3.1,80,1,3,1,0
1,1,3,7,25.2,80,2,3,1,0
1,1,3,4,6.1,80,2,2,0,1
1,1,0,5,1.66,70,2,3,0,1
0,1,3,6,1.79,100,1,3,1,0
1,1,3,8,5.83,70,1,3,0,1
0,0,0,7,17.75,70,1,3,0,1
0,1,3,8,9.69,80,1,3,1,1
0,1,2,8,2.21,70,1,2,0,0
1,0,0,2,12.2,90,4,3,0,1
1,1,0,12,14.52,80,1,3,0,1
1,1,3,11,10.19,70,2,3,1,0
0,1,3,8,22.0,70,1,3,1,0
0,1,3,7,8.07,80,1,3,0,0
1,0,2,5,1.51,40,2,1,0,1
1,1,3,6,12.92,80,3,3,1,0
0,1,3,12,24.29,80,1,3,1,0
0,0,1,1,4.67,80,1,1,0,0
0,1,3,1,4.97,80,1,2,0,0
1,1,3,3,2.69,70,2,2,0,0
1,1,3,1,0.68,80,1,1,1,1
1,1,3,2,3.96,90,2,2,1,1
1,1,3,4,0.5,80,3,2,1,1
1,1,3,1,0.99,70,3,2,1,0
1,1,2,1,1.06,80,3,3,0,0
0,0,4,1,2.8,80,1,1,0,0
1,1,3,3,7.07,60,1,3,1,1
1,1,3,8,1.73,90,2,3,0,0
1,1,3,3,18.56,80,2,3,1,1
0,1,3,4,27.8,70,1,3,1,0
1,1,0,4,13.79,80,2,3,0,1
1,1,3,8,8.16,80,1,2,0,1
1,1,3,3,1.25,90,2,2,1,0
1,1,3,3,3.22,90,2,2,0,1
0,1,3,9,16.16,80,1,2,0,0
1,1,3,7,3.16,80,2,2,1,0
1,1,3,4,1.11,90,1,2,0,0
1,1,3,5,2.28,70,2,3,1,1
1,1,3,2,5.84,80,3,3,1,1
0,0,2,1,5.12,80,1,1,0,1
1,0,2,7,7.98,80,3,3,0,0
1,1,3,1,1.39,80,2,3,1,1
0,1,3,10,2.16,80,1,2,1,1
1,1,2,3,1.27,90,1,3,0,0
1,0,4,3,4.56,80,1,1,0,0
1,0,2,3,7.81,80,4,3,1,0
1,1,3,20,14.14,70,3,2,0,0
1,1,3,3,2.76,100,3,2,0,0
0,1,3,1,0.17,80,1,3,1,1
1,1,2,1,0.68,80,1,3,0,0
1,1,3,2,15.71,60,1,2,0,0
1,1,1,8,1.02,90,1,2,0,1
0,0,2,2,2.75,90,1,3,0,0
1,1,2,11,3.72,90,1,3,1,1
0,1,3,4,3.5,80,1,2,0,1
1,1,3,6,15.7,80,2,3,0,0
1,1,3,5,16.08,80,1,2,0,1
0,0,2,2,6.58,80,1,1,0,0
0,1,3,4,18.93,80,1,2,1,0
0,1,3,15,15.59,70,1,2,1,0
1,0,2,21,21.43,70,1,3,0,0
1,1,3,5,13.29,70,1,2,0,1
1,1,3,4,1.68,90,1,3,0,1
1,1,3,3,6.39,60,1,2,1,0
0,1,3,4,6.22,50,1,1,0,0
1,1,3,4,7.71,80,2,3,1,1
0,1,3,10,10.5,80,1,2,1,0
1,1,3,2,2.6,90,1,2,1,1
1,1,3,2,3.59,90,2,2,0,1
0,0,4,1,10.45,80,1,1,0,0
1,0,2,13,1.99,90,1,3,0,0
1,1,2,13,1.35,90,1,3,0,0
1,1,2,3,5.64,90,1,3,0,1
1,0,2,4,2.03,80,3,2,0,0
0,1,3,1,1.15,80,1,2,1,1
1,1,3,7,3.3,70,1,2,1,0
1,0,2,2,0.11,80,2,3,0,1
0,0,2,1,2.74,70,1,1,0,0
0,0,1,1,0.85,90,1,1,0,0
1,1,2,1,2.14,70,4,3,0,0
1,1,3,11,1.01,90,1,3,1,0
1,1,1,1,16.91,80,1,3,0,1
1,0,1,7,0.94,70,1,3,0,0
1,1,0,1,41.13,80,2,3,0,1
1,1,4,11,5.69,80,5,2,0,0
0,1,2,7,5.34,90,1,2,0,1
1,0,2,6,10.7,80,1,1,0,1
1,0,4,10,4.45,80,1,1,0,1
1,0,2,12,8.65,90,4,2,0,0
1,1,3,3,6.37,60,1,3,0,1
1,1,3,5,21.84,70,1,3,0,1
1,0,2,7,2.93,70,1,3,0,0
1,1,1,27,6.93,80,3,1,0,0
1,1,3,4,0.42,90,2,1,0,0
1,1,2,1,2.41,90,1,2,0,0
0,1,2,14,18.82,80,1,2,1,0
0,0,2,7,0.56,60,1,2,1,0
0,0,2,3,2.59,70,1,2,0,1
0,1,3,4,3.55,80,1,1,0,0
1,0,1,6,14.29,80,1,1,1,1
1,1,2,23,1.66,90,1,1,0,0
1,1,3,3,4.07,80,2,2,0,0
1,1,3,10,16.76,80,2,3,0,0
1,1,3,7,10.34,80,4,2,0,0
0,1,3,2,1.54,80,1,3,1,1
1,1,3,20,12.1,80,2,2,0,0
0,1,3,9,36.05,80,1,1,1,0
1,0,2,1,1.16,70,2,2,0,1
0,0,2,3,7.26,90,1,3,0,1
1,1,3,4,5.81,80,1,3,0,1
1,1,1,1,4.3,70,2,1,0,1
1,0,4,6,1.87,70,2,3,1,1
1,0,0,1,12.22,70,1,1,0,0
0,0,2,5,1.4,90,1,1,0,1
1,0,2,3,21.88,80,1,3,0,1
1,1,3,2,2.44,90,2,2,0,1
1,1,3,6,13.74,90,4,3,0,0
1,0,2,10,10.38,90,2,1,1,0
1,1,3,4,24.38,70,1,1,1,0
1,1,3,8,1.27,70,2,3,1,1
0,1,2,5,13.89,70,1,3,0,1
1,0,2,8,1.31,70,2,3,0,1
1,1,3,4,6.38,80,2,3,0,0
0,1,3,4,3.22,70,2,2,1,1
0,1,0,2,9.04,70,1,1,0,1
1,0,1,6,14.76,80,1,1,0,0
1,1,2,1,1.6,70,1,1,0,1
1,0,2,3,14.74,90,3,3,0,0
1,0,2,10,12.36,90,1,3,0,0
1,0,2,10,16.17,50,1,3,1,0
0,0,2,8,1.41,70,1,3,0,0
0,1,0,2,11.9,70,1,1,0,0
0,0,2,10,16.27,70,1,3,1,0
0,1,3,7,4.18,70,1,3,1,1
1,1,2,10,37.6,90,2,3,0,0
1,1,2,4,12.75,90,1,1,0,1
1,1,1,2,6.91,80,3,1,0,1
1,0,2,1,2.0,90,2,1,0,0
1,0,2,8,9.61,80,1,1,0,1
1,0,2,5,6.18,80,1,3,0,1
1,0,4,4,9.42,70,2,2,0,1
1,1,2,2,16.48,70,2,1,0,1
1,1,3,14,15.55,70,1,1,1,0
1,1,2,8,7.73,90,1,3,1,0
0,1,3,1,5.39,90,1,3,0,0
0,0,2,4,12.92,80,1,3,0,1
0,1,2,10,16.11,80,2,1,0,1
1,0,2,3,4.38,80,2,1,1,1
0,0,2,4,11.46,70,1,3,0,1
1,0,2,2,4.88,80,1,1,0,0
1,0,2,5,6.22,90,1,3,0,0
1,1,0,2,6.64,80,3,1,0,0
0,0,2,11,6.19,80,1,2,1,0
0,0,2,1,6.27,80,1,3,0,1
1,1,3,4,17.12,60,2,2,0,0
0,0,4,2,8.4,70,1,2,0,0
1,1,3,1,0.59,70,1,3,0,1
0,1,3,6,17.18,70,1,3,1,0
0,0,1,1,0.93,90,1,3,0,1
0,1,2,3,0.91,80,1,1,0,1
1,1,2,5,10.35,80,2,1,0,0
0,0,4,7,10.37,80,1,1,0,0
1,1,1,12,0.71,90,2,2,0,0
1,1,2,3,0.7,90,1,2,0,0
1,1,2,1,0.04,90,1,2,1,0
0,1,0,2,2.01,90,1,2,0,1
1,0,2,6,16.11,70,1,1,0,0
1,0,2,3,8.66,100,1,3,0,1
1,1,3,5,15.4,80,3,3,0,0
1,0,2,5,4.57,90,2,1,0,0
1,1,1,8,1.39,90,1,1,0,0
1,1,2,3,11.02,90,4,1,1,1
1,1,2,2,3.62,90,2,3,0,0
1,1,3,2,5.6,60,1,2,1,0
1,1,0,6,6.36,70,2,1,0,1
0,1,2,8,17.64,80,1,3,0,0
1,1,0,3,4.94,90,1,3,0,1
1,1,2,1,0.18,70,2,3,0,0
0,1,3,1,0.08,80,1,3,0,0
0,1,3,1,10.6,80,1,1,0,0
0,1,3,11,13.44,70,1,1,0,0
0,0,2,11,10.52,70,1,1,0,0
1,0,2,3,26.4,70,1,1,0,0
0,1,2,9,1.48,80,1,1,1,0
0,0,2,6,6.82,60,1,1,0,0
0,1,2,10,1.61,90,1,1,0,0
1,0,1,2,2.52,70,1,1,0,1
0,0,2,2,25.27,60,2,1,1,1
1,0,2,2,13.76,80,1,1,0,0
